135	 , 300		;
138	 , 303		;
141	 , 344		;
180	 , 301		;
182	 , 302		;
186	 , 317		;
190	 , 			;
191	 , 319		;
196	 , 			;
199	 , 314		;
201	 , 316		;
203	 , 309		;
205	 , 307		;
207	 , 322		;
210	 , 313		;
212	 , 312		;
214	 , 315		;
215	 , 304		;
216	 , 311		;
217	 , 320		;
218	 , 306		;
219	 , 310		;
220	 , 			;
221	 , 			;
222	 , 			;
223	 , 342		;
224	 , 			;
225	 , 331		;
226	 , 341		;
227	 , 332		;
228	 , 335		;
229	 , 333		;
230	 , 338		;
231	 , 337		;
232	 , 334		;
259	 , 336		;
371	 , 2491		;
373	 , 			;
375	 , 1612		;
377	 , 1608		;
379	 , 1602		;
381	 , 1600		;
383	 , 1604		;
386	 , 1619		;
388	 , 1607		;
390	 , 1605		;
393	 , 			;
396	 , 			;
397	 , 1618		;
399	 , 1615		;
401	 , 			;
403	 , 			;
405	 , 			;
407	 , 1609		;
413	 , 1610		;
415	 , 			;
417	 , 1725		;
419	 , 1617		;
421	 , 1701		;
423	 , 			;
425	 , 1707		;
430	 , 1702		;
432	 , 1712		;
433	 , 1710		;
434	 , 1705		;
435	 , 1703		;
436	 , 			;
438	 , 1713		;
441	 , 			;
442	 , 1714		;
445	 , 1727		;
447	 , 			;
449	 , 			;
452	 , 			;
469	 , 1718		;
471	 , 1717		;
473	 , 			;
475	 , 1719		;
477	 , 1720		;
479	 , 1721		;
481	 , 1716		;
484	 , 			;
486	 , 			;
491	 , 1016		;
494	 , 1014		;
496	 , 1013		;
498	 , 1017		;
500	 , 1008		;
503	 , 			;
505	 , 1015		;
508	 , 1012		;
510	 , 			;
512	 , 1000		;
514	 , 1002		;
516	 , 1004		;
519	 , 1006		;
521	 , 1007		;
524	 , 610		;
526	 , 601		;
528	 , 606		;
531	 , 621		;
533	 , 613		;
535	 , 611		;
537	 , 602		;
540	 , 603		;
544	 , 605		;
546	 , 604		;
548	 , 623		;
549	 , 609		;
551	 , 614		;
554	 , 615		;
556	 , 620		;
558	 , 600		;
560	 , 622		;
562	 , 617		;
564	 , 616		;
566	 , 401		;
569	 , 403		;
572	 , 405		;
574	 , 406		;
576	 , 408		;
578	 , 410		;
580	 , 411		;
582	 , 417		;
585	 , 412		;
586	 , 419		;
588	 , 424		;
590	 , 430		;
592	 , 431		;
594	 , 			;
596	 , 			;
598	 , 500		;
600	 , 3000		;
602	 , 3003		;
604	 , 3005		;
606	 , 3002		;
608	 , 3001		;
612	 , 2032		;
614	 , 2008		;
616	 , 2027		;
618	 , 2026		;
620	 , 2001		;
622	 , 2006		;
624	 , 2004		;
626	 , 2031		;
629	 , 2029		;
631	 , 2009		;
633	 , 2012		;
635	 , 2017		;
637	 , 2007		;
639	 , 2000		;
641	 , 2020		;
643	 , 2010		;
645	 , 2002		;
647	 , 2011		;
649	 , 2005		;
651	 , 2003		;
653	 , 2030		;
655	 , 2022		;
657	 , 2013		;
659	 , 2019		;
661	 , 2025		;
663	 , 2024		;
665	 , 2021		;
667	 , 2028		;
669	 , 2035		;
671	 , 2014		;
673	 , 2015		;
675	 , 2016		;
677	 , 2111		;
679	 , 2130		;
681	 , 2131		;
683	 , 2136		;
685	 , 			;
687	 , 2145		;
689	 , 2147		;
691	 , 2148		;
693	 , 2149		;
695	 , 2150		;
697	 , 2119		;
699	 , 2134		;
701	 , 2128		;
703	 , 2151		;
704	 , 2127		;
706	 , 2125		;
708	 , 2117		;
710	 , 2129		;
712	 , 2133		;
714	 , 2103		;
716	 , 2105		;
717	 , 2107		;
719	 , 2138		;
721	 , 2123		;
723	 , 2115		;
725	 , 2113		;
727	 , 2161		;
730	 , 2144		;
731	 , 2141		;
732	 , 8000		;
734	 , 8005		;
736	 , 8002		;
738	 , 8003		;
740	 , 8001		;
742	 , 8004		;
748	 , 2427		;
750	 , 626		;
752	 , 2498		;
754	 , 			;
756	 , 			;
760	 , 1731		;
761	 , 2422		;
763	 , 2154		;
765	 , 2467		;
767	 , 			;
769	 , 625		;
771	 , 2457		;
773	 , 2455		;
774	 , 2419		;
776	 , 2451		;
778	 , 2488		;
779	 , 2417		;
781	 , 2418		;
783	 , 2416		;
787	 , 2406		;
790	 , 2420		;
792	 , 2414		;
794	 , 			;
796	 , 			;
797	 , 2447		;
798	 , 2464		;
802	 , 			;
804	 , 2463		;
805	 , 2468		;
806	 , 			;
812	 , 618		;
813	 , 			;
1077 , 			;
1079 , 			;
1081 , 			;
1089 , 	2428	;
1092 , 	2454	;
1093 , 	2435	;
1095 , 	2489	;
1101 , 	2408	;
1103 , 	2402	;
1105 , 	2458	;
1107 , 	2453	;
1117 , 	2480	;
1125 , 	2452	;
1129 , 	2432	;
1131 , 	2449	;
1134 , 	2496	;
1149 , 	2473	;
1151 , 	2409	;
1160 , 			;
1162 , 			;
1164 , 	628		;
1166 , 	2425	;
1167 , 	2423	;
1168 , 	627		;
1180 , 	901		;
1183 , 	903		;
1252 , 			;
1253 , 	612		;
1254 , 			;
1255 , 	2460	;
1256 , 	2424	;
1257 , 	2405	;
1258 , 	2471	;
1259 , 	2403	;
1260 , 	2465	;
1264 , 	2443	;
1265 , 	2440	;
1266 , 	2411	;
1267 , 	2412	;
1268 , 	2431	;
1269 , 	2434	;
1270 , 	2450	;
1271 , 	2429	;
1272 , 	2495	;
1273 , 	2413	;
1274 , 	2487	;
1276 , 	2492	;
1277 , 	2490	;
1278 , 	2305	;
1279 , 	2442	;
1280 , 	2407	;
1281 , 	2614	;
1282 , 	900		;
1283 , 	902		;
1284 , 	904		;
1285 , 	905		;
1286 , 			;
1287 , 			;
1288 , 			;
1289 , 			;
1290 , 			;
1291 , 			;
1292 , 			;
1293 , 			;
1294 , 			;
1295 , 			;
1296 , 			;
1297 , 			;
1298 , 			;
1299 , 			;
1300 , 			;
1301 , 			;
1302 , 			;
1303 , 			;
1304 , 			;
1305 , 			;
1306 , 			;
1307 , 			;
1308 , 			;
1309 , 			;
1310 , 			;
1311 , 			;
1312 , 			;
1313 , 			;
1314 , 			;
1315 , 			;
1316 , 			;
1317 , 			;
1318 , 			;
1319 , 			;
1320 , 			;
1321 , 			;
1322 , 			;
1323 , 			;
1324 , 			;
1325 , 			;
1326 , 			;
1327 , 			;
1328 , 			;
1513 , 			;
1515 , 			;
1539 , 	357		;
1569 , 	323		;
1579 , 	343		;
1587 , 	358		;
1611 , 			;
1620 , 			;
1625 , 	1621	;
1626 , 	1620	;
1630 , 			;
1636 , 			;
1637 , 			;
1653 , 	1712-1	;
1654 , 	1711	;
1657 , 	1708	;
1660 , 	1709	;
1665 , 	1706	;
1668 , 	1704	;
1675 , 	1726	;
1686 , 	1722	;
1693 , 	1730	;
1697 , 			;
1699 , 			;
1710 , 	1001	;
1720 , 			;
1735 , 	667		;
1737 , 			;
1740 , 	9006	;
1742 , 	23000	;
1752 , 			;
1755 , 			;
1757 , 			;
1759 , 			;
1761 , 			;
1764 , 			;
1766 , 	629		;
1768 , 	668		;
1770 , 			;
1772 , 			;
1773 , 			;
1774 , 			;
1775 , 			;
1782 , 			;
1783 , 			;
1785 , 			;
1789 , 			;
1792 , 			;
1794 , 			;
1796 , 			;
1798 , 			;
1800 , 			;
1803 , 			;
1806 , 			;
1808 , 			;
1810 , 			;
1812 , 			;
1818 , 			;
1820 , 			;
1822 , 			;
1846 , 	8006	;
1848 , 	8007	;
1849 , 	8008	;
1851 , 	8009	;
1853 , 	8010	;
1857 , 	8011	;
1859 , 			;
1860 , 			;
1863 , 			;
1866 , 			;
1872 , 			;
1875 , 			;
1949 , 			;
1951 , 			;
1990 , 			;
1991 , 	910		;
2011 , 			;
2019 , 			;
2027 , 			;
2044 , 			;
2047 , 			;
2049 , 			;
2051 , 			;
2101 , 			;
2103 , 			;
2106 , 			;
2109 , 			;
2111 , 			;
2114 , 			;
2116 , 			;
2118 , 			;
2120 , 			;
2122 , 			;
2132 , 			;
2134 , 			;
2138 , 			;
2141 , 			;
2143 , 			;
2144 , 			;
2180 , 	        ;    
